     0/199     1.18G   0.05475   0.01263   0.02572   0.09311         4       640    0.1122    0.2885    0.1234    0.0622   0.06037  0.007564   0.02384
     1/199     3.44G   0.04215    0.0104    0.0235   0.07605         8       640     0.236    0.3334    0.2424    0.1522   0.06641  0.006171   0.02203
     2/199     4.25G   0.03532   0.01019   0.02285   0.06835         3       640    0.2583    0.2713    0.2094    0.1317   0.05635  0.007056   0.02142
     3/199     4.25G   0.03331    0.0105   0.02248   0.06628         5       640    0.2199    0.4176    0.2215    0.1378   0.05576  0.007038   0.02136
     4/199     4.25G   0.03159   0.01074   0.02189   0.06422         2       640    0.2854    0.3607    0.2736    0.1808   0.04618  0.007248   0.02036
     5/199     4.25G   0.03006   0.01066   0.02104   0.06175         2       640    0.3599    0.3143    0.2839    0.1883   0.04919  0.007248   0.01963
     6/199     4.25G   0.02969   0.01058   0.02057   0.06084        12       640    0.3358    0.3689    0.2974     0.202   0.05819  0.006772   0.02025
     7/199     4.25G   0.02882   0.01028    0.0198    0.0589         2       640    0.3624    0.3695    0.3089    0.2105   0.06006   0.00639   0.01887
     8/199     4.25G   0.03057   0.01056   0.02003   0.06116         1       640    0.4132    0.4034    0.3641    0.2413   0.05475  0.006592   0.01878
     9/199     4.25G   0.02876   0.01042   0.01932    0.0585         1       640    0.4399    0.4443    0.3979    0.2738   0.05539  0.006089    0.0186
    10/199     4.25G   0.02744   0.01001   0.01787   0.05532         4       640    0.4378    0.4105    0.3786    0.2636    0.0579  0.006261   0.01855
    11/199     4.25G   0.02908   0.01078   0.01951   0.05937         3       640    0.3311    0.3204     0.258     0.165   0.05754  0.007283   0.01938
    12/199     4.25G   0.02787   0.01079   0.01879   0.05745         5       640    0.4584    0.4035    0.3704    0.2593   0.05592  0.006225   0.01898
    13/199     4.25G   0.02629    0.0103   0.01733   0.05393         4       640    0.5425    0.4319    0.4561    0.3206   0.05379  0.006064   0.01792
    14/199     4.25G   0.02611   0.01007   0.01721    0.0534         1       640    0.4629    0.4889    0.4518    0.3282   0.04908  0.006369     0.017
    15/199     4.25G    0.0257  0.009883   0.01651   0.05209         0       640    0.5229    0.3598    0.3871    0.2663    0.0523  0.006518    0.0177
    16/199     4.25G   0.02612   0.01022   0.01673   0.05307         5       640    0.5532    0.4917     0.501    0.3567   0.04815  0.006306   0.01619
    17/199     4.25G   0.02556  0.009956   0.01566   0.05118        10       640    0.6288    0.4939    0.5204     0.379   0.04796  0.006109   0.01575
    18/199     4.25G     0.025  0.009548   0.01533   0.04988         1       640    0.6192     0.464     0.499    0.3649   0.04659  0.006113   0.01682
    19/199     4.25G    0.0248  0.009735    0.0155   0.05003         4       640    0.6525    0.4897    0.5447    0.3858   0.04502  0.006328    0.0152
    20/199     4.25G    0.0251  0.009402   0.01459   0.04909         1       640    0.6618    0.5109    0.5764    0.4261   0.04392  0.006086   0.01459
    21/199     4.25G   0.02535  0.009656   0.01466   0.04967         1       640    0.5386    0.5133    0.5203    0.3733   0.04475  0.006734   0.01525
    22/199     4.25G    0.0238  0.009448   0.01377   0.04702         1       640    0.7103    0.4997    0.5985    0.4422   0.04617  0.005814   0.01395
    23/199     4.25G   0.02379   0.00935   0.01344   0.04659         9       640    0.6864      0.52     0.595    0.4373   0.04573  0.005848   0.01476
    24/199     4.25G   0.02326  0.009397    0.0131   0.04576         2       640    0.6733    0.5767    0.6281    0.4595   0.04585  0.005648   0.01449
    25/199     4.25G   0.02385  0.009232   0.01313   0.04622         3       640    0.6873    0.5488    0.6261    0.4504   0.04593  0.005762   0.01323
    26/199     4.25G    0.0237  0.009057   0.01309   0.04584        11       640      0.77    0.5386    0.6371    0.4751   0.04559  0.005782   0.01369
    27/199     4.25G   0.02353  0.008918   0.01209   0.04454         1       640    0.6914    0.5973     0.636    0.4776   0.04885  0.005346   0.01351
    28/199     4.25G    0.0231  0.008909   0.01204   0.04404         4       640    0.7561    0.5755    0.6728    0.5022   0.04728  0.005156   0.01223
    29/199     4.25G   0.02325  0.008669   0.01157   0.04349         1       640    0.7571     0.552    0.6495    0.4833   0.04751  0.005689   0.01247
    30/199     4.25G    0.0231  0.008877   0.01168   0.04366        11       640    0.7169    0.5963    0.6666    0.4913   0.04793  0.005331   0.01272
    31/199     4.25G   0.02313  0.008897    0.0117   0.04373         1       640    0.6994    0.6231    0.6767    0.4971   0.04836    0.0054   0.01262
    32/199     4.25G    0.0228  0.008701   0.01124   0.04274         1       640    0.7026    0.5759    0.6307     0.471   0.04896  0.005357   0.01381
    33/199     4.25G   0.02313  0.008648   0.01087   0.04265         4       640    0.7599    0.6047    0.6798    0.5156    0.0476  0.005484   0.01204
    34/199     4.25G   0.02285    0.0086   0.01134   0.04279         1       640    0.7577    0.6245    0.7051    0.5263   0.04713  0.005201   0.01193
    35/199     4.25G   0.02277  0.008469   0.01081   0.04205         3       640    0.7647    0.6642    0.7397    0.5577   0.04713  0.005121   0.01161
    36/199     4.25G   0.02212  0.008495   0.01059    0.0412         1       640    0.7036     0.672    0.7235     0.538   0.04627  0.005289   0.01206
    37/199     4.25G   0.02238  0.008483   0.01023   0.04109         2       640    0.7648    0.6643    0.7221    0.5448    0.0476  0.005243   0.01101
    38/199     4.25G   0.02213  0.008428  0.009979   0.04053         3       640    0.7657     0.642    0.7249    0.5459   0.04655  0.005265   0.01148
    39/199     4.25G   0.02166  0.008376   0.01008   0.04011         9       640    0.7906    0.6285    0.7102    0.5383     0.047  0.005144    0.0119
    40/199     4.25G   0.02197  0.008345  0.009961   0.04028         0       640    0.7597    0.6403    0.7271    0.5481   0.04625  0.005193   0.01146
    41/199     4.25G   0.02209  0.008485  0.009535   0.04011         1       640    0.7744    0.6721    0.7402    0.5576   0.04587  0.005154   0.01138
    42/199     4.25G   0.02205  0.008199  0.009788   0.04003         5       640     0.753    0.6262    0.7106    0.5486   0.04575  0.005247   0.01048
    43/199     4.25G   0.02185  0.008436  0.009538   0.03982         2       640    0.7111    0.6602     0.709    0.5428   0.04696  0.005415    0.0105
    44/199     4.25G   0.02155  0.008346  0.009427   0.03932         1       640    0.8032    0.6087     0.736    0.5621    0.0453  0.005335   0.01015
    45/199     4.25G   0.02172  0.008163  0.008929   0.03881         4       640    0.7808    0.7283    0.7758    0.5932   0.04455  0.005041  0.009652
    46/199     4.25G   0.02137  0.008082  0.008703   0.03816         1       640    0.7736    0.6188    0.7098    0.5387   0.04523  0.005342   0.01007
    47/199     4.25G   0.02161  0.008141   0.00897   0.03872         7       640    0.8364    0.6359    0.7524    0.5693   0.04519  0.005214  0.009774
    48/199     4.25G   0.02148    0.0081  0.008724   0.03831        12       640    0.8062    0.6889    0.7718    0.5871   0.04421  0.005193   0.00965
    49/199     4.25G   0.02155  0.007993  0.008898   0.03844         5       640    0.7814    0.7141    0.7822    0.5903   0.04364  0.005188  0.009689
    50/199     4.25G   0.02131  0.007876  0.008815     0.038         4       640    0.8311    0.6905    0.7733    0.5816   0.04121  0.005569  0.009909
    51/199     4.25G   0.02174   0.00806   0.00862   0.03842         2       640    0.8199    0.7159    0.7933    0.6149   0.03989  0.005353  0.008589
    52/199     4.25G   0.02107  0.008054  0.008466   0.03759         4       640    0.8016    0.7053    0.7896     0.608   0.04333  0.005241  0.009522
    53/199     4.25G   0.02084  0.008201  0.008659    0.0377         5       640    0.7963    0.7431    0.7976    0.6133   0.04125  0.005197   0.00944
    54/199     4.25G    0.0215  0.008005  0.008219   0.03773         4       640     0.825    0.7129    0.7931     0.598   0.04086  0.005385  0.009615
    55/199     4.25G   0.02147  0.007828  0.008257   0.03756        10       640    0.7938     0.768    0.8135    0.6236   0.03723  0.005342  0.009088
    56/199     4.25G    0.0211  0.007974  0.008364   0.03744         4       640    0.7801    0.7502    0.7917     0.606    0.0349  0.005761  0.008846
    57/199     4.25G   0.02148  0.007927  0.008224   0.03763         4       640    0.8489    0.6976    0.7971    0.6044   0.03452  0.005527  0.008758
    58/199     4.25G   0.02114  0.007928  0.008144   0.03722         2       640    0.8375    0.7302    0.8088    0.6264   0.03518  0.005421  0.008696
    59/199     4.25G     0.021  0.007753  0.007942    0.0367         2       640    0.8347    0.7158     0.805    0.6193   0.03671  0.005224  0.008718
    60/199     4.25G   0.02107  0.008217  0.007898   0.03719         2       640     0.831    0.7066    0.7855    0.6079   0.03683  0.005241  0.008619
    61/199     4.25G   0.02093  0.007803  0.007757   0.03649         0       640    0.8806     0.693    0.8054    0.6189   0.03595  0.005293  0.008166
    62/199     4.25G   0.02073  0.007928  0.007797   0.03645         0       640    0.8233    0.7365    0.8112    0.6308   0.03731  0.005217  0.008344
    63/199     4.25G   0.02108  0.007852  0.007594   0.03653         4       640    0.8148    0.7585    0.8186    0.6361   0.03657  0.005124  0.008125
    64/199     4.25G    0.0204  0.007941  0.007212   0.03555         6       640    0.8552    0.7517    0.8333    0.6427   0.03663  0.005043  0.007671
    65/199     4.25G   0.02071   0.00779  0.007319   0.03582         1       640    0.8548    0.7177     0.811     0.632    0.0363   0.00519  0.007938
    66/199     4.25G   0.02067  0.007754  0.007295   0.03571        10       640    0.8533    0.7397    0.8322    0.6454   0.03527  0.005105  0.007974
    67/199     4.25G    0.0207  0.007749  0.007068   0.03552         5       640    0.8456    0.7384    0.8189    0.6436   0.03573  0.005114   0.00784
    68/199     4.25G   0.02025  0.007512  0.007391   0.03516         5       640    0.8749    0.7595    0.8453    0.6635   0.03365  0.005143  0.007413
    69/199     4.25G   0.02022  0.007633  0.007101   0.03496         5       640    0.8518    0.7352     0.821    0.6388   0.03476  0.005261  0.007579
    70/199     4.25G    0.0202  0.007825  0.007289   0.03532         5       640    0.8546    0.7662     0.842    0.6542   0.03552  0.005072  0.006957
    71/199     4.25G   0.02087  0.007566  0.007035   0.03547         0       640    0.8936    0.7908    0.8582    0.6691   0.03563  0.004962  0.006901
    72/199     4.25G   0.01982  0.007595  0.006581   0.03399         2       640    0.8494     0.752    0.8318     0.651   0.03584   0.00503  0.007096
    73/199     4.25G   0.02045  0.007618  0.006636   0.03471         1       640    0.8995    0.7712    0.8453    0.6693   0.03509  0.004979   0.00719
    74/199     4.25G   0.02005  0.007503   0.00683   0.03438        10       640    0.8654     0.754    0.8403    0.6577   0.03439   0.00495   0.00712
    75/199     4.25G    0.0203  0.007669  0.006907   0.03488         1       640    0.8689    0.7669    0.8457    0.6673   0.03396  0.005103  0.007448
    76/199     4.25G   0.01989  0.007565  0.006896   0.03435         3       640    0.8779    0.7658    0.8479    0.6712   0.03315   0.00504  0.007265
    77/199     4.25G   0.01999  0.007597  0.006835   0.03443         1       640    0.8888    0.7984    0.8666     0.677   0.03399  0.004905  0.006484
    78/199     4.25G   0.02007  0.007527  0.006557   0.03415         0       640    0.8661     0.811    0.8546    0.6755   0.03424  0.004935  0.007372
    79/199     4.25G   0.01964   0.00768  0.006744   0.03406         1       640    0.9127    0.7457    0.8449    0.6646   0.03239  0.005008  0.006961
    80/199     4.25G   0.01942  0.007528  0.006596   0.03354         4       640    0.8357    0.8009    0.8559     0.678   0.03192  0.005013  0.006609
    81/199     4.25G   0.01951  0.007327  0.006394   0.03323         1       640    0.8912    0.8083    0.8722    0.6861   0.03392  0.004862   0.00632
    82/199     4.25G   0.01917  0.007411  0.006652   0.03323         9       640    0.9267    0.7876    0.8643    0.6873   0.03202  0.004921  0.006184
    83/199     4.25G   0.01965  0.007421  0.006189   0.03326        10       640    0.8861    0.8021    0.8649    0.6835   0.03271   0.00488  0.006527
    84/199     4.25G   0.01949  0.007497  0.006351   0.03334         2       640    0.8827    0.8019    0.8648    0.6867   0.03256  0.004967  0.006209
    85/199     4.25G   0.01928  0.007355  0.006164    0.0328         1       640    0.8782    0.8074    0.8713    0.6907   0.03218  0.004864  0.006031
    86/199     4.25G    0.0192  0.007189  0.005783   0.03217         5       640    0.8998    0.8277    0.8811    0.6964   0.03168  0.004885  0.005589
    87/199     4.25G   0.01933  0.007194   0.00603   0.03256         0       640    0.8941     0.827    0.8777    0.6983   0.03208  0.004842  0.005972
    88/199     4.25G   0.01904  0.007192  0.005805   0.03204         6       640    0.8898    0.8233    0.8848    0.7039   0.03197  0.004817  0.005876
    89/199     4.25G   0.01902  0.007104  0.005812   0.03194         4       640    0.8817    0.8244    0.8736    0.6921    0.0338  0.004795  0.006047
    90/199     4.25G   0.01918  0.007214  0.005507    0.0319        12       640    0.8713    0.8267    0.8726    0.6885   0.03186  0.004941  0.005551
    91/199     4.25G   0.01955  0.007218  0.005789   0.03256        12       640    0.8749    0.8186    0.8715    0.6977   0.03224  0.004859  0.005489
    92/199     4.25G   0.01886  0.006965  0.005473    0.0313         5       640    0.8851    0.8196    0.8699    0.6988   0.03318  0.004862  0.005375
    93/199     4.25G   0.01923  0.007315  0.005829   0.03238        13       640    0.9117    0.7775    0.8677    0.6974   0.03275  0.004802  0.005959
    94/199     4.25G   0.01884  0.007027  0.005491   0.03135         0       640    0.9107    0.7912     0.874    0.7024   0.03267  0.004833  0.005766
    95/199     4.25G   0.01902  0.007143  0.005666   0.03183         7       640     0.897    0.8218    0.8764     0.711   0.03311   0.00475  0.005545
    96/199     4.25G   0.01873  0.006935  0.005336   0.03101         2       640    0.9204    0.8101    0.8851    0.7132   0.03231  0.004821  0.005506
    97/199     4.25G   0.01864   0.00688  0.005696   0.03121         5       640    0.9418    0.7992    0.8905    0.7196   0.03079  0.004808  0.005192
    98/199     4.25G   0.01863  0.007001  0.005549   0.03118         2       640    0.8935    0.8336     0.888    0.7155   0.03093  0.004788  0.004938
    99/199     4.25G   0.01871  0.007123  0.005646   0.03148         0       640    0.9153    0.8312    0.8869    0.7184   0.03132  0.004811  0.004894
   100/199     4.25G   0.01845  0.007157  0.005493    0.0311         4       640    0.9308    0.8161    0.8875    0.7211   0.02931  0.004891  0.004818
   101/199     4.25G   0.01887  0.006907  0.005367   0.03114         2       640    0.9258     0.828    0.8937    0.7274    0.0306  0.004861  0.004505
   102/199     4.25G    0.0188  0.006883  0.005316     0.031         6       640    0.9541     0.821    0.8968    0.7289   0.02943  0.004889  0.004566
   103/199     4.25G   0.01868  0.006802  0.004934   0.03041         1       640    0.9337    0.8261    0.8939    0.7247   0.03109  0.004778  0.004486
   104/199     4.25G   0.01908  0.006722  0.005176   0.03098         9       640    0.9059    0.8384    0.8877    0.7168    0.0295  0.004915  0.004483
   105/199     4.25G   0.01816  0.006925  0.005272   0.03035         1       640    0.9435      0.83    0.8991    0.7287   0.03073  0.004729  0.004463
   106/199     4.25G   0.01837  0.006521  0.005155   0.03004         1       640    0.9498    0.8508    0.8975    0.7327   0.02978  0.004805  0.004284
   107/199     4.25G   0.01783  0.006633  0.004927   0.02939         4       640    0.9406    0.8349    0.8984    0.7297   0.03048  0.004705  0.004209
   108/199     4.25G   0.01801  0.006828  0.004745   0.02958         7       640      0.94    0.8435    0.9008      0.73   0.02927  0.004823  0.004032
   109/199     4.25G   0.01852  0.006541  0.005038    0.0301         2       640    0.9334    0.8574    0.9011    0.7252   0.03073  0.004718  0.004362
   110/199     4.25G   0.01805   0.00672  0.004778   0.02955         4       640    0.9406    0.8483    0.9036    0.7313    0.0322   0.00463  0.004175
   111/199     4.25G     0.018  0.006805  0.004975   0.02978         1       640    0.9412    0.8472    0.9065    0.7405   0.03145  0.004647  0.004243
   112/199     4.25G   0.01826  0.006641  0.004881   0.02978         0       640    0.9363    0.8455    0.9006    0.7407   0.03091  0.004728  0.004001
   113/199     4.25G    0.0182  0.006716  0.004818   0.02973        12       640     0.935      0.85    0.9041    0.7394   0.03012  0.004789  0.004202
   114/199     4.25G    0.0177  0.006644  0.004848    0.0292         8       640    0.9378    0.8481     0.905    0.7388   0.02969   0.00474  0.004284
   115/199     4.25G   0.01761  0.006507  0.004369   0.02849         5       640     0.939    0.8522    0.9028    0.7389   0.02922  0.004822   0.00408
   116/199     4.25G   0.01807  0.006685  0.004954   0.02971         1       640    0.9629     0.826    0.9023    0.7367   0.03089  0.004719  0.004344
   117/199     4.25G   0.01819   0.00665  0.004833   0.02967         2       640    0.9181     0.872    0.9042    0.7406   0.03047  0.004689   0.00433
   118/199     4.25G   0.01788  0.006613  0.004542   0.02903         2       640     0.918     0.884    0.9076    0.7452    0.0301  0.004738  0.003944
   119/199     4.25G   0.01767  0.006501  0.004336   0.02851         2       640    0.9485    0.8598    0.9091    0.7434   0.02915  0.004787  0.003756
   120/199     4.25G   0.01768  0.006388  0.004632    0.0287         1       640    0.9288    0.8633    0.9114    0.7426   0.02855  0.004799  0.003869
   121/199     4.25G   0.01773  0.006563  0.004409   0.02871         2       640    0.9534    0.8344    0.9065     0.743   0.02887  0.004761  0.003925
   122/199     4.25G   0.01774  0.006332  0.004434    0.0285         2       640    0.9503    0.8568     0.911      0.75   0.02822  0.004808  0.003879
   123/199     4.25G   0.01769  0.006305  0.004411    0.0284         0       640    0.9296    0.8653    0.9089    0.7507   0.02839   0.00483  0.003689
   124/199     4.25G   0.01725  0.006481  0.004125   0.02785         1       640    0.9444     0.859    0.9075    0.7479   0.02819  0.004765  0.003698
   125/199     4.25G   0.01754  0.006434   0.00434   0.02831         1       640    0.9377    0.8634    0.9078    0.7495   0.02824  0.004766   0.00348
   126/199     4.25G   0.01754  0.006259  0.004174   0.02797         4       640    0.9617     0.853    0.9089    0.7486   0.02799  0.004791  0.003309
   127/199     4.25G   0.01693  0.006263  0.004014    0.0272         1       640    0.9494    0.8651    0.9071    0.7492   0.02839  0.004715    0.0034
   128/199     4.25G   0.01731    0.0063   0.00433   0.02794         3       640    0.9313    0.8671    0.9098    0.7534   0.02836   0.00474  0.003507
   129/199     4.25G   0.01717  0.006338  0.004088   0.02759         6       640    0.9412    0.8665     0.911    0.7575   0.02753  0.004774  0.003273
   130/199     4.25G   0.01766  0.006292  0.004168   0.02812         2       640    0.9533     0.867    0.9133    0.7569   0.02731  0.004802  0.003278
   131/199     4.25G   0.01664  0.006144  0.003816    0.0266        12       640    0.9335    0.8828    0.9133    0.7615   0.02712   0.00482   0.00326
   132/199     4.25G     0.017   0.00636  0.003849   0.02721         2       640    0.9528    0.8559    0.9119    0.7618   0.02744  0.004781  0.003363
   133/199     4.25G   0.01661  0.006122  0.003932   0.02667         1       640    0.9399     0.879    0.9131    0.7587   0.02761  0.004769  0.003263
   134/199     4.25G   0.01662  0.006259  0.003864   0.02674         1       640    0.9393    0.8799    0.9129    0.7601    0.0273    0.0048  0.003273
   135/199     4.25G   0.01706  0.006154   0.00411   0.02733         5       640    0.9514     0.873    0.9186    0.7598   0.02696   0.00479  0.003318
   136/199     4.25G   0.01719  0.006194  0.003921   0.02731         4       640    0.9468     0.878    0.9163    0.7574   0.02695  0.004783   0.00346
   137/199     4.25G    0.0172  0.006149  0.003909   0.02726         4       640    0.9429    0.8895    0.9171    0.7579   0.02696  0.004774  0.003398
   138/199     4.25G   0.01675   0.00612  0.004013   0.02688         1       640    0.9606     0.875    0.9176    0.7607   0.02613  0.004764  0.003345
   139/199     4.25G   0.01695  0.006157  0.003821   0.02693         1       640    0.9405    0.8884    0.9175    0.7613   0.02598   0.00481  0.003293
   140/199     4.25G   0.01671  0.006226   0.00404   0.02698        13       640    0.9414    0.8766    0.9209    0.7635   0.02571  0.004814  0.003279
   141/199     4.25G   0.01651  0.005903  0.003859   0.02627         4       640    0.9593    0.8655    0.9188    0.7598   0.02592  0.004814  0.003303
   142/199     4.25G   0.01682  0.006136  0.003711   0.02667         1       640    0.9674    0.8702    0.9204    0.7603   0.02583  0.004797  0.003095
   143/199     4.25G   0.01659  0.005987  0.003691   0.02627         0       640    0.9496    0.8819      0.92    0.7588   0.02568  0.004825  0.002977
   144/199     4.25G   0.01611  0.006024  0.003593   0.02572         0       640    0.9563    0.8774    0.9171    0.7631   0.02563  0.004805  0.002891
   145/199     4.25G   0.01673  0.005938  0.003839   0.02651         2       640     0.961     0.867    0.9165    0.7646   0.02588  0.004793  0.002895
   146/199     4.25G   0.01683  0.005954  0.003738   0.02652         2       640    0.9519    0.8717    0.9172    0.7668   0.02581  0.004773  0.002948
   147/199     4.25G   0.01648   0.00602  0.004091   0.02659         5       640    0.9548    0.8756    0.9202    0.7661   0.02573  0.004767  0.003051
   148/199     4.25G   0.01642  0.005966  0.003675   0.02606        10       640    0.9589    0.8738    0.9205    0.7693   0.02595  0.004734  0.003013
   149/199     4.25G   0.01649  0.006104  0.003624   0.02622         4       640    0.9513    0.8851    0.9223    0.7722   0.02587  0.004762  0.002854
   150/199     4.25G   0.01605  0.006047  0.003489   0.02559         8       640    0.9668    0.8667    0.9216    0.7717    0.0257  0.004778  0.002838
   151/199     4.25G   0.01653   0.00599  0.003442   0.02596         4       640     0.957    0.8848    0.9205     0.771   0.02558  0.004783  0.002839
   152/199     4.25G   0.01641  0.005945  0.003503   0.02586         4       640    0.9646    0.8809    0.9201    0.7699    0.0257   0.00479    0.0028
   153/199     4.25G   0.01628  0.005888   0.00347   0.02564         1       640    0.9659    0.8784    0.9217    0.7707    0.0256  0.004792   0.00277
   154/199     4.25G    0.0158  0.005839  0.003247   0.02489        11       640    0.9595    0.8799    0.9209    0.7706   0.02533  0.004795  0.002785
   155/199     4.25G   0.01621  0.005724  0.003462    0.0254         1       640    0.9625    0.8764    0.9212    0.7705   0.02515  0.004809   0.00284
   156/199     4.25G   0.01611  0.005645  0.003171   0.02492         1       640    0.9624    0.8821    0.9218     0.772   0.02497  0.004824  0.002818
   157/199     4.25G   0.01668  0.005945  0.003438   0.02606         2       640    0.9554    0.8788    0.9197    0.7716   0.02489  0.004829   0.00292
   158/199     4.25G   0.01619  0.005651  0.003224   0.02506        11       640    0.9581    0.8867    0.9209    0.7686   0.02503  0.004826   0.00296
   159/199     4.25G   0.01635  0.005743  0.003255   0.02535         2       640    0.9536    0.8861    0.9191    0.7708   0.02483  0.004842  0.002985
   160/199     4.25G   0.01619  0.005844  0.003432   0.02547         4       640    0.9596    0.8784    0.9196    0.7713    0.0241  0.004876  0.002935
   161/199     4.25G   0.01632   0.00564  0.003237    0.0252         5       640    0.9569      0.88    0.9197    0.7729   0.02407  0.004871  0.002773
   162/199     4.25G   0.01641  0.005931  0.003286   0.02562         1       640    0.9586    0.8797    0.9214    0.7751   0.02384   0.00489  0.002732
   163/199     4.25G   0.01616  0.005697    0.0033   0.02516         4       640     0.953    0.8865    0.9211     0.776   0.02384  0.004905   0.00262
   164/199     4.25G    0.0156  0.005661  0.003145    0.0244         1       640    0.9593    0.8792    0.9221    0.7752   0.02388  0.004911  0.002522
   165/199     4.25G   0.01595  0.005682  0.003165    0.0248         4       640    0.9615    0.8805    0.9227    0.7763   0.02386  0.004896  0.002576
   166/199     4.25G   0.01583  0.005661  0.003072   0.02457         9       640    0.9507    0.8859    0.9228    0.7792   0.02388  0.004888  0.002676
   167/199     4.25G   0.01595  0.005732  0.002957   0.02464         6       640    0.9625    0.8798    0.9232    0.7781   0.02388  0.004885  0.002743
   168/199     4.25G   0.01542  0.005663  0.002866   0.02395         2       640    0.9508    0.8877    0.9222    0.7792   0.02386  0.004872  0.002689
   169/199     4.25G   0.01567  0.005624  0.003103    0.0244         3       640    0.9533    0.8896    0.9218    0.7797   0.02372  0.004864   0.00261
   170/199     4.25G   0.01542  0.005533  0.002809   0.02377         9       640    0.9453    0.8957    0.9217    0.7791   0.02362  0.004859  0.002585
   171/199     4.25G   0.01594  0.005571  0.003054   0.02456         0       640    0.9657    0.8823    0.9224    0.7787    0.0237  0.004855  0.002547
   172/199     4.25G   0.01546  0.005689  0.003031   0.02418         4       640    0.9604    0.8898    0.9235    0.7798   0.02372  0.004851  0.002519
   173/199     4.25G   0.01544  0.005461  0.002932   0.02384         6       640    0.9611    0.8858    0.9201    0.7789   0.02371  0.004865  0.002614
   174/199     4.25G    0.0155  0.005636  0.003198   0.02434         1       640    0.9574    0.8917    0.9184    0.7812   0.02364  0.004857  0.002619
   175/199     4.25G    0.0157  0.005709  0.002889    0.0243         5       640    0.9601    0.8885    0.9207    0.7814   0.02355  0.004867  0.002567
   176/199     4.25G   0.01592   0.00558  0.003082   0.02459         5       640    0.9588     0.889    0.9209    0.7815   0.02364  0.004878  0.002527
   177/199     4.25G   0.01554  0.005673  0.003155   0.02437         1       640    0.9626    0.8862    0.9202    0.7794   0.02358  0.004886  0.002566
   178/199     4.25G   0.01515  0.005619  0.002998   0.02377         1       640    0.9597    0.8899    0.9219    0.7804   0.02367  0.004868   0.00258
   179/199     4.25G   0.01536  0.005562  0.002808   0.02373         6       640    0.9612    0.8882    0.9222    0.7822   0.02366  0.004868  0.002568
   180/199     4.25G   0.01512  0.005584  0.002984   0.02368        14       640     0.959    0.8912    0.9233    0.7809   0.02363   0.00488  0.002482
   181/199     4.25G   0.01549  0.005531  0.003069   0.02409         9       640    0.9594    0.8913    0.9253    0.7826   0.02364  0.004877  0.002449
   182/199     4.25G   0.01541  0.005445  0.003006   0.02386         1       640    0.9647    0.8932     0.927    0.7849   0.02382   0.00486  0.002488
   183/199     4.25G    0.0154  0.005658  0.002806   0.02387         2       640    0.9659    0.8881    0.9266    0.7838   0.02393  0.004849  0.002517
   184/199     4.25G   0.01538  0.005411  0.002883   0.02367         6       640    0.9669    0.8851     0.926    0.7851   0.02384  0.004847  0.002491
   185/199     4.25G   0.01578  0.005549  0.002947   0.02427         9       640    0.9671    0.8871    0.9251    0.7874   0.02373  0.004849  0.002509
   186/199     4.25G   0.01533  0.005474  0.002766   0.02357         1       640    0.9635    0.8932    0.9245     0.788   0.02369  0.004854  0.002521
   187/199     4.25G   0.01544  0.005349  0.002841   0.02363         4       640    0.9679    0.8889    0.9246    0.7888   0.02373  0.004848  0.002489
   188/199     4.25G   0.01537  0.005503  0.002708   0.02359         3       640    0.9633    0.8914    0.9264    0.7876    0.0237  0.004848  0.002499
   189/199     4.25G   0.01512  0.005462    0.0028   0.02338         1       640    0.9573    0.9004    0.9275    0.7878   0.02354  0.004842  0.002505
   190/199     4.25G   0.01501  0.005504  0.002979   0.02349         1       640     0.964    0.8939    0.9278    0.7887   0.02345  0.004841  0.002528
   191/199     4.25G   0.01509   0.00541  0.002713   0.02321         9       640    0.9625    0.8938    0.9275    0.7884   0.02337  0.004852  0.002509
   192/199     4.25G   0.01517  0.005369  0.002658    0.0232         9       640    0.9692    0.8923    0.9289    0.7879   0.02332  0.004857  0.002465
   193/199     4.25G   0.01504  0.005456  0.002798   0.02329         1       640    0.9611    0.8941    0.9272    0.7879   0.02329  0.004868  0.002421
   194/199     4.25G    0.0145  0.005528  0.002709   0.02274         3       640    0.9627    0.8922    0.9267    0.7871   0.02316   0.00487  0.002397
   195/199     4.25G   0.01528  0.005319  0.002797    0.0234         4       640    0.9699    0.8827    0.9269    0.7875    0.0231  0.004875  0.002376
   196/199     4.25G   0.01501  0.005501  0.002728   0.02324         0       640    0.9606     0.887    0.9262    0.7864   0.02309  0.004876  0.002358
   197/199     4.25G    0.0148  0.005374  0.002669   0.02285         2       640    0.9554    0.8889     0.926    0.7866   0.02307  0.004866  0.002392
   198/199     4.25G   0.01484  0.005413  0.002848    0.0231        13       640    0.9664     0.882    0.9258    0.7867   0.02308  0.004861  0.002375
   199/199     4.25G   0.01505  0.005369  0.002712   0.02313         5       640     0.966     0.884    0.9261    0.7852    0.0231  0.004864  0.002382
